Final values [5274.458433355919, 5373.955787673236, 5658.462086135944, 5267.383131098637, 5289.8651652296285, 5901.107607565586, 5273.839238760885, 6659.082689560896, 5543.233984518514, 5268.850336840176, 6040.994133113676, 5458.44223136035, 5655.174861392393, 5280.249100125826, 5398.165228267953, 6288.569782083543, 5410.648289892585, 5329.4205973430035, 5979.77618940125, 5323.709163383009, 5280.524840773065, 5289.224601231424, 5341.975543284809, 5416.23872389894, 6500.498632824236, 5300.436679803462, 5465.684810006916, 5277.048968048948, 5455.605262685212, 5319.414773990574, 6217.820670724648, 5277.930792314701, 5320.837098724035, 5610.1276115932715, 5321.974314237112, 5280.909701425337, 5329.255628037108, 5376.9483707140125, 5337.97686373308, 5715.898242019673, 5373.385583922572, 5533.346874514597, 5491.358562016276, 5486.28593377467, 5295.491808065052, 5632.933914014948, 5572.496921749751, 5697.948916488078, 5278.219127783785, 5305.881499390275]
Values of C [0.94278691 0.53575824 0.23935484 0.98780427 0.83337891 0.14505014
 0.93130718 0.0304818  0.31406972 0.98224391 0.11007628 0.40145157
 0.23746586 0.9012258  0.48530847 0.0705133  0.46603698 0.65858156
 0.12537334 0.68075    0.88133972 0.82535694 0.62147031 0.45524962
 0.04532729 0.77578794 0.3886043  0.90255265 0.39822079 0.68596906
 0.08020803 0.93281624 0.69455768 0.2641177  0.68346955 0.88924097
 0.66583056 0.5279229  0.62491678 0.20868594 0.53621694 0.32206812
 0.36077016 0.36379239 0.79378675 0.25136165 0.28974803 0.21764636
 0.90409371 0.75587581]
