1
2
3
5
7
8
9
10
11
12
13
14
16
17
18
19
21
22
23
24
26
27
28
29
31
32
33
34
36
37
38
39
40
41
42
43
44
45
46
48
49
50
51
52
53
54
55
56
57
58
59
60
64
72
73
74
75
83
86
87
88
90
103
136
859
882
886
902
905
909
918
921
922
929
933
946
952
1690
1696
1918
1919
1934
1935
1946
1947
1967
1968
1972
1978
1980
1982
1983
1986
1987
1990
1993
1994
2017
2018
2019
2020
2021
2022
2023
2025
2071
2077
2078
2081
2097
2119
2130
2134
3151
3950
3951
3952
3953
3954
3955
3956
3957
3961
3962
3965
3967
3969
3973
3994
3995
3996
3997
3998
3999
4000
4003
4004
4005
4006
4007
4008
4009
4011
4012
4014
4015
4016
4017
4018
4019
4020
4023
4050
4051
4057
4059
4061
4086
4088
4090
4091
4092
4094
4129
4143
4151
4156
4171
4172
4173
4174
4176
4177
4249
4451
4452
4456
4459
4470
4483
4486
4487
4490
4673
4685
4745
6542
6630
7711
8826
10769
10778
10801
20939
24881
27014
27227
27631
28168
29134
29444
29719
30494
30503
30855
30878
31208
31296
31311
31607
31645
31666
31790
