1 1
2 2
3 3
4 5
5 7
6 8
7 9
8 10
9 11
10 12
11 13
12 14
13 16
14 17
15 18
16 19
17 21
18 22
19 23
20 24
21 26
22 27
23 28
24 29
25 31
26 32
27 33
28 34
29 36
30 37
31 38
32 39
33 40
34 41
35 42
36 43
37 44
38 45
39 46
40 48
41 49
42 50
43 51
44 52
45 53
46 54
47 55
48 56
49 57
50 58
51 59
52 60
53 64
54 72
55 73
56 74
57 75
58 83
59 86
60 87
61 88
62 90
63 103
64 136
65 859
66 882
67 886
68 902
69 905
70 909
71 918
72 921
73 922
74 929
75 933
76 946
77 952
78 1690
79 1696
80 1918
81 1919
82 1934
83 1935
84 1946
85 1947
86 1967
87 1968
88 1972
89 1978
90 1980
91 1982
92 1983
93 1986
94 1987
95 1990
96 1993
97 1994
98 2017
99 2018
100 2019
101 2020
102 2021
103 2022
104 2023
105 2025
106 2071
107 2077
108 2078
109 2081
110 2097
111 2119
112 2130
113 2134
114 3151
115 3950
116 3951
117 3952
118 3953
119 3954
120 3955
121 3956
122 3957
123 3961
124 3962
125 3965
126 3967
127 3969
128 3973
129 3994
130 3995
131 3996
132 3997
133 3998
134 3999
135 4000
136 4003
137 4004
138 4005
139 4006
140 4007
141 4008
142 4009
143 4011
144 4012
145 4014
146 4015
147 4016
148 4017
149 4018
150 4019
151 4020
152 4023
153 4050
154 4051
155 4057
156 4059
157 4061
158 4086
159 4088
160 4090
161 4091
162 4092
163 4094
164 4129
165 4143
166 4151
167 4156
168 4171
169 4172
170 4173
171 4174
172 4176
173 4177
174 4249
175 4451
176 4452
177 4456
178 4459
179 4470
180 4483
181 4486
182 4487
183 4490
184 4673
185 4685
186 4745
187 6542
188 6630
189 7711
190 8826
191 10769
192 10778
193 10801
194 20939
195 24881
196 27014
197 27227
198 27631
199 28168
200 29134
201 29444
202 29719
203 30494
204 30503
205 30855
206 30878
207 31208
208 31296
209 31311
210 31607
211 31645
212 31666
213 31790
